waypoints:
- latitude: 38.42426632
  longitude: -110.7851849
  yaw: 0.0
- latitude: 38.42512274
  longitude: -110.785219
  yaw:  0.0

